   1.0000   1.0000   1.0000        0   4.0000
   2.0000   1.0000        0   1.0000   5.0000
  -3.0000  -4.0000        0        0        0
Pivot is at position ( 0 , 1 )

   1.0000   1.0000   1.0000        0   4.0000
   2.0000   1.0000        0   1.0000   5.0000
  -3.0000  -4.0000        0        0        0

    1.0000    1.0000    1.0000         0    4.0000
    1.0000         0   -1.0000    1.0000    1.0000
    1.0000         0    4.0000         0   16.0000
The maximized matrix is 
    1.0000    1.0000    1.0000         0    4.0000
    1.0000         0   -1.0000    1.0000    1.0000
    1.0000         0    4.0000         0   16.0000
