    2.0000    1.0000    1.0000    1.0000         0         0   14.0000
    4.0000    2.0000    3.0000         0    1.0000         0   28.0000
    2.0000    5.0000    5.0000         0         0    1.0000   30.0000
   -1.0000   -2.0000    1.0000         0         0         0         0

    2.0000    1.0000    1.0000    1.0000         0         0   14.0000
    4.0000    2.0000    3.0000         0    1.0000         0   28.0000
    0.4000    1.0000    1.0000         0         0    0.2000    6.0000
   -1.0000   -2.0000    1.0000         0         0         0         0

