    1.0000    1.0000    3.0000    1.0000         0         0   30.0000
    2.0000    2.0000    5.0000         0    1.0000         0   24.0000
    4.0000    1.0000    2.0000         0         0    1.0000   36.0000
   -3.0000   -1.0000   -2.0000         0         0         0         0
Pivot is at position: ( 2 , 0 )

    1.0000    1.0000    3.0000    1.0000         0         0   30.0000
    2.0000    2.0000    5.0000         0    1.0000         0   24.0000
    1.0000    0.2500    0.5000         0         0    0.2500    9.0000
   -3.0000   -1.0000   -2.0000         0         0         0         0

         0    0.7500    2.5000    1.0000         0   -0.2500   21.0000
         0    1.5000    4.0000         0    1.0000   -0.5000    6.0000
    1.0000    0.2500    0.5000         0         0    0.2500    9.0000
         0   -0.2500   -0.5000         0         0    0.7500   27.0000
Pivot is at position: ( 1 , 2 )

         0    0.7500    2.5000    1.0000         0   -0.2500   21.0000
         0    0.3750    1.0000         0    0.2500   -0.1250    1.5000
    1.0000    0.2500    0.5000         0         0    0.2500    9.0000
         0   -0.2500   -0.5000         0         0    0.7500   27.0000

         0   -0.1875         0    1.0000   -0.6250    0.0625   17.2500
         0    0.3750    1.0000         0    0.2500   -0.1250    1.5000
    1.0000    0.0625         0         0   -0.1250    0.3125    8.2500
         0   -0.0625         0         0    0.1250    0.6875   27.7500
Pivot is at position: ( 0 , 1 )

         0    1.0000         0   -5.3333    3.3333   -0.3333  -92.0000
         0    0.3750    1.0000         0    0.2500   -0.1250    1.5000
    1.0000    0.0625         0         0   -0.1250    0.3125    8.2500
         0   -0.0625         0         0    0.1250    0.6875   27.7500

         0    1.0000         0   -5.3333    3.3333   -0.3333  -92.0000
         0         0    1.0000    2.0000   -1.0000         0   36.0000
    1.0000         0         0    0.3333   -0.3333    0.3333   14.0000
         0         0         0   -0.3333    0.3333    0.6667   22.0000
Pivot is at position: ( 0 , 3 )

         0   -0.1875         0    1.0000   -0.6250    0.0625   17.2500
         0         0    1.0000    2.0000   -1.0000         0   36.0000
    1.0000         0         0    0.3333   -0.3333    0.3333   14.0000
         0         0         0   -0.3333    0.3333    0.6667   22.0000

         0   -0.1875         0    1.0000   -0.6250    0.0625   17.2500
         0    0.3750    1.0000         0    0.2500   -0.1250    1.5000
    1.0000    0.0625         0         0   -0.1250    0.3125    8.2500
         0   -0.0625         0         0    0.1250    0.6875   27.7500
Pivot is at position: ( 0 , 1 )

         0    1.0000         0   -5.3333    3.3333   -0.3333  -92.0000
         0    0.3750    1.0000         0    0.2500   -0.1250    1.5000
    1.0000    0.0625         0         0   -0.1250    0.3125    8.2500
         0   -0.0625         0         0    0.1250    0.6875   27.7500

         0    1.0000         0   -5.3333    3.3333   -0.3333  -92.0000
         0         0    1.0000    2.0000   -1.0000         0   36.0000
    1.0000         0         0    0.3333   -0.3333    0.3333   14.0000
         0         0         0   -0.3333    0.3333    0.6667   22.0000
Pivot is at position: ( 0 , 3 )

         0   -0.1875         0    1.0000   -0.6250    0.0625   17.2500
         0         0    1.0000    2.0000   -1.0000         0   36.0000
    1.0000         0         0    0.3333   -0.3333    0.3333   14.0000
         0         0         0   -0.3333    0.3333    0.6667   22.0000

         0   -0.1875         0    1.0000   -0.6250    0.0625   17.2500
         0    0.3750    1.0000         0    0.2500   -0.1250    1.5000
    1.0000    0.0625         0         0   -0.1250    0.3125    8.2500
         0   -0.0625         0         0    0.1250    0.6875   27.7500