    1.0000    3.0000    2.0000    1.0000         0   10.0000
    1.0000    5.0000    1.0000         0    1.0000    8.0000
   -8.0000  -10.0000   -7.0000         0         0         0
Pivot is at position: ( 1 , 1 )

    1.0000    3.0000    2.0000    1.0000         0   10.0000
    0.2000    1.0000    0.2000         0    0.2000    1.6000
   -8.0000  -10.0000   -7.0000         0         0         0

    0.4000         0    1.4000    1.0000   -0.6000    5.2000
    0.2000    1.0000    0.2000         0    0.2000    1.6000
   -6.0000         0   -5.0000         0    2.0000   16.0000
Pivot is at position: ( 1 , 0 )

    0.4000         0    1.4000    1.0000   -0.6000    5.2000
    1.0000    5.0000    1.0000         0    1.0000    8.0000
   -6.0000         0   -5.0000         0    2.0000   16.0000

         0   -2.0000    1.0000    1.0000   -1.0000    2.0000
    1.0000    5.0000    1.0000         0    1.0000    8.0000
         0   30.0000    1.0000         0    8.0000   64.0000
The maximized matrix is: 
         0   -2.0000    1.0000    1.0000   -1.0000    2.0000
    1.0000    5.0000    1.0000         0    1.0000    8.0000
         0   30.0000    1.0000         0    8.0000   64.0000
